fulano-de-tals-e-silva 11111111111 1988 15 02 995046820 fulano 1254 1
beltrano-da-silva 22222222222 1999 12 20 995046820 beltrano 1234 0
ciclano-rossi-das-aguas-turbulentas 55555555555 1777 23 10 995026830 ciclano abcd 0
americo-joaquim 88888888888 1666 01 03 999999999 americo abcd 0
joao-barbosa 99999999999 1650 06 011 777777777 joao22 1234 0
jonas-antune-rebelde 55555555555 1500 01 02 0 jonas 1234 0
julia-silveira 22222222222 1222 12 12 111111111 julia 1234 0
george-antunes 77777777777 1987 12 03 995036620 george 1234 0
antonio-de-catro 99999999999 1888 11 02 992341111 antonio 1234 0
aerty-pinto-dos-santos 12047336783 1950 12 01 995046820 aerty 1234 0
romulo-da-silva-soa 55555555555 1986 01 12 995046620 romulo 1234 0
douglas  1996 25 05 0 1234 0